Item_Identifier,Item_Weight,Item_Fat_Content,Item_Visibility,Item_Type,Item_MRP,Outlet_Identifier,Outlet_Establishment_Year,Outlet_Size,Outlet_Location_Type,Outlet_Type,Item_Outlet_Sales
FDN40,5.88,Low Fat,0.086945823,Frozen Foods,152.9998,OUT017,2007,,Tier 2,Supermarket Type1,3691.1952
NCX06,17.6,Low Fat,0.015775777,Household,179.1976,OUT017,2007,,Tier 2,Supermarket Type1,3803.0496
FDD39,16.7,Low Fat,0.070297175,Dairy,216.385,OUT045,2002,,Tier 2,Supermarket Type1,3678.545
NCE30,16,Low Fat,0.09911729,Household,210.7902,OUT035,2004,Small,Tier 2,Supermarket Type1,4460.1942
FDQ11,,Regular,0.067373081,Breads,258.8988,OUT027,1985,Medium,Tier 3,Supermarket Type3,3083.9856
NCP43,17.75,Low Fat,0.030501281,Others,180.566,OUT035,2004,Small,Tier 2,Supermarket Type1,3415.554
NCO53,16.2,Low Fat,0,Health and Hygiene,182.1608,OUT049,1999,Medium,Tier 1,Supermarket Type1,3123.9336
FDX13,7.725,Low Fat,0.047743195,Canned,248.3092,OUT013,1987,High,Tier 3,Supermarket Type1,6474.2392
FDM15,,Regular,0.057143515,Meat,151.8366,OUT027,1985,Medium,Tier 3,Supermarket Type3,6196.6006
FDB22,8.02,Low Fat,0.111419588,Snack Foods,154.3998,OUT035,2004,Small,Tier 2,Supermarket Type1,3383.5956
FDY33,,Regular,0.096730427,Snack Foods,159.0262,OUT027,1985,Medium,Tier 3,Supermarket Type3,5887.6694
FDW27,5.86,Regular,0.151159243,Meat,156.6314,OUT045,2002,,Tier 2,Supermarket Type1,3257.7594
FDT12,6.215,Regular,0.049580407,Baking Goods,227.4062,OUT013,1987,High,Tier 3,Supermarket Type1,5191.2426
FDJ15,,Regular,0.023209537,Dairy,183.3608,OUT027,1985,Medium,Tier 3,Supermarket Type3,6064.1064
NCW41,18,Low Fat,0,Health and Hygiene,158.0604,OUT049,1999,Medium,Tier 1,Supermarket Type1,3327.6684
NCN19,13.1,Low Fat,0.012089479,Others,189.853,OUT013,1987,High,Tier 3,Supermarket Type1,3415.554
FDP45,15.7,Regular,0.030672457,Snack Foods,253.1724,OUT049,1999,Medium,Tier 1,Supermarket Type1,5285.1204
FDX19,19.1,Low Fat,0.096715523,Fruits and Vegetables,235.0958,OUT035,2004,Small,Tier 2,Supermarket Type1,3038.0454
NCW42,,Low Fat,0.058185842,Household,220.8456,OUT027,1985,Medium,Tier 3,Supermarket Type3,4199.8664
FDD09,,Low Fat,0.021392306,Fruits and Vegetables,182.0976,OUT027,1985,Medium,Tier 3,Supermarket Type3,6157.3184
FDJ44,12.3,Regular,0.106928681,Fruits and Vegetables,173.7396,OUT017,2007,,Tier 2,Supermarket Type1,3663.2316
FDX51,9.5,Regular,0.022054553,Meat,195.4452,OUT035,2004,Small,Tier 2,Supermarket Type1,4502.1396
FDM58,,reg,0,Snack Foods,112.2544,OUT027,1985,Medium,Tier 3,Supermarket Type3,3914.904
DRJ11,9.5,Low Fat,0.085437778,Hard Drinks,188.4872,OUT018,2009,Medium,Tier 3,Supermarket Type2,3592.6568
FDK10,,Regular,0.04016342,Snack Foods,181.166,OUT027,1985,Medium,Tier 3,Supermarket Type3,3415.554
FDR31,,Regular,0.048924811,Fruits and Vegetables,147.4102,OUT027,1985,Medium,Tier 3,Supermarket Type3,3207.8244
NCW42,18.2,Low Fat,0.058707159,Household,220.5456,OUT018,2009,Medium,Tier 3,Supermarket Type2,3094.6384
FDY16,,Regular,0.091780142,Frozen Foods,182.5266,OUT027,1985,Medium,Tier 3,Supermarket Type3,6454.931
FDU14,,Low Fat,0.034584356,Dairy,248.375,OUT027,1985,Medium,Tier 3,Supermarket Type3,10236.675
NCT17,10.8,Low Fat,0.041865848,Health and Hygiene,189.7214,OUT046,1997,Small,Tier 1,Supermarket Type1,5841.0634
FDN60,15.1,Low Fat,0.095545715,Baking Goods,157.3604,OUT018,2009,Medium,Tier 3,Supermarket Type2,4436.8912
FDS31,13.1,reg,0,Fruits and Vegetables,178.9318,OUT049,1999,Medium,Tier 1,Supermarket Type1,3067.3406
FDT21,7.42,Low Fat,0.020387989,Snack Foods,247.1092,OUT035,2004,Small,Tier 2,Supermarket Type1,4233.1564
FDQ52,,Low Fat,0.118806857,Frozen Foods,248.8434,OUT027,1985,Medium,Tier 3,Supermarket Type3,6705.2718
FDU12,15.5,Regular,0.075736746,Baking Goods,265.5568,OUT035,2004,Small,Tier 2,Supermarket Type1,4482.1656
DRB13,6.115,Regular,0.007038478,Soft Drinks,189.253,OUT013,1987,High,Tier 3,Supermarket Type1,3605.307
NCL31,7.39,LF,0.120467994,Others,145.147,OUT049,1999,Medium,Tier 1,Supermarket Type1,5296.439
FDR23,,Low Fat,0.08139146,Breads,177.837,OUT027,1985,Medium,Tier 3,Supermarket Type3,6351.732
FDF04,17.5,Low Fat,0.013664703,Frozen Foods,257.7304,OUT045,2002,,Tier 2,Supermarket Type1,5683.2688
DRF36,16.1,Low Fat,0.023673342,Soft Drinks,189.0846,OUT018,2009,Medium,Tier 3,Supermarket Type2,5350.3688
FDA02,14,Regular,0.029697925,Dairy,143.0786,OUT013,1987,High,Tier 3,Supermarket Type1,3178.5292
FDF10,15.5,reg,0.156797787,Snack Foods,148.6418,OUT013,1987,High,Tier 3,Supermarket Type1,3972.8286
FDB23,19.2,Regular,0,Starchy Foods,223.8062,OUT045,2002,,Tier 2,Supermarket Type1,5642.655
FDB28,6.615,Low Fat,0.093574769,Dairy,199.4426,OUT045,2002,,Tier 2,Supermarket Type1,3361.6242
FDU60,20,Regular,0.060022526,Baking Goods,168.7132,OUT045,2002,,Tier 2,Supermarket Type1,6426.3016
DRJ39,,Low Fat,0.036150153,Dairy,219.5482,OUT027,1985,Medium,Tier 3,Supermarket Type3,5695.2532
FDX02,16,LF,0.05706009,Dairy,225.0404,OUT046,1997,Small,Tier 1,Supermarket Type1,4950.8888
FDU12,,Regular,0.075384242,Baking Goods,262.7568,OUT027,1985,Medium,Tier 3,Supermarket Type3,7646.0472
FDS02,10.195,Regular,0.145867347,Dairy,194.0794,OUT046,1997,Small,Tier 1,Supermarket Type1,3901.588
FDA46,13.6,Low Fat,0.117874024,Snack Foods,193.6136,OUT045,2002,,Tier 2,Supermarket Type1,4471.5128
FDN46,7.21,Regular,0,Snack Foods,103.1332,OUT017,2007,,Tier 2,Supermarket Type1,3281.0624
FDA26,,Regular,0.073562475,Dairy,217.6482,OUT027,1985,Medium,Tier 3,Supermarket Type3,3285.723
FDW02,4.805,Regular,0.037699423,Dairy,125.5704,OUT046,1997,Small,Tier 1,Supermarket Type1,3880.2824
FDK26,5.46,reg,0.032177405,Canned,185.424,OUT046,1997,Small,Tier 1,Supermarket Type1,5219.872
FDJ21,16.7,Regular,0.03858813,Snack Foods,144.6102,OUT049,1999,Medium,Tier 1,Supermarket Type1,3353.6346
FDV57,15.25,Regular,0.066269294,Snack Foods,179.666,OUT017,2007,,Tier 2,Supermarket Type1,6471.576
NCU06,17.6,Low Fat,0.074522745,Household,228.801,OUT049,1999,Medium,Tier 1,Supermarket Type1,3215.814
FDF04,17.5,LF,0.013692598,Frozen Foods,259.7304,OUT018,2009,Medium,Tier 3,Supermarket Type2,3616.6256
NCW29,14,Low Fat,0.029026218,Health and Hygiene,131.331,OUT017,2007,,Tier 2,Supermarket Type1,3635.268
NCY30,20.25,Low Fat,0.02593166,Household,182.5976,OUT013,1987,High,Tier 3,Supermarket Type1,3078.6592
NCK53,,Low Fat,0,Health and Hygiene,100.8042,OUT027,1985,Medium,Tier 3,Supermarket Type3,3472.147
FDR31,6.46,Regular,0.04923932,Fruits and Vegetables,144.4102,OUT049,1999,Medium,Tier 1,Supermarket Type1,4374.306
DRD15,10.6,Low Fat,0.056795923,Dairy,232.8642,OUT046,1997,Small,Tier 1,Supermarket Type1,3485.463
FDF56,16.7,Regular,0.119647957,Fruits and Vegetables,180.9976,OUT049,1999,Medium,Tier 1,Supermarket Type1,4165.2448
FDX55,15.1,Low Fat,0.055195461,Fruits and Vegetables,216.1166,OUT035,2004,Small,Tier 2,Supermarket Type1,5007.4818
FDF24,,Regular,0.02524761,Baking Goods,81.9934,OUT027,1985,Medium,Tier 3,Supermarket Type3,3439.5228
NCY53,,Low Fat,0.058198141,Health and Hygiene,110.4544,OUT027,1985,Medium,Tier 3,Supermarket Type3,4250.4672
FDB58,,Regular,0.013431109,Snack Foods,143.7154,OUT027,1985,Medium,Tier 3,Supermarket Type3,4821.7236
DRF60,10.8,Low Fat,0.052363244,Soft Drinks,236.5564,OUT017,2007,,Tier 2,Supermarket Type1,5243.8408
DRD49,9.895,Low Fat,0.167799329,Soft Drinks,239.4564,OUT035,2004,Small,Tier 2,Supermarket Type1,5243.8408
NCL54,,Low Fat,0.082353076,Household,176.9054,OUT027,1985,Medium,Tier 3,Supermarket Type3,4202.5296
NCR53,12.15,Low Fat,0.145013434,Health and Hygiene,225.0404,OUT035,2004,Small,Tier 2,Supermarket Type1,4950.8888
FDJ28,,Low Fat,0,Frozen Foods,190.9162,OUT027,1985,Medium,Tier 3,Supermarket Type3,5772.486
DRE60,9.395,Low Fat,0.159201868,Soft Drinks,226.072,OUT013,1987,High,Tier 3,Supermarket Type1,3621.952
NCU54,8.88,Low Fat,0.098603729,Household,210.727,OUT035,2004,Small,Tier 2,Supermarket Type1,4194.54
FDW43,20.1,Regular,0.022406575,Fruits and Vegetables,225.9036,OUT013,1987,High,Tier 3,Supermarket Type1,3643.2576
FDC45,,Low Fat,0.135075924,Fruits and Vegetables,170.3106,OUT027,1985,Medium,Tier 3,Supermarket Type3,3422.212
FDM10,,Low Fat,0.075603699,Snack Foods,215.1218,OUT027,1985,Medium,Tier 3,Supermarket Type3,3205.827
FDL24,10.3,Regular,0.024935297,Baking Goods,172.0422,OUT049,1999,Medium,Tier 1,Supermarket Type1,3966.1706
FDV26,20.25,Regular,0.07614605,Dairy,197.0794,OUT035,2004,Small,Tier 2,Supermarket Type1,4681.9056
NCN43,12.15,Low Fat,0,Others,123.773,OUT046,1997,Small,Tier 1,Supermarket Type1,3325.671
FDA04,11.3,reg,0.067001825,Frozen Foods,259.1962,OUT018,2009,Medium,Tier 3,Supermarket Type2,5438.9202
FDW43,20.1,Regular,0.022460102,Fruits and Vegetables,226.8036,OUT049,1999,Medium,Tier 1,Supermarket Type1,3415.554
FDX47,6.55,Regular,0.034745307,Breads,158.8288,OUT018,2009,Medium,Tier 3,Supermarket Type2,4399.6064
NCB31,6.235,Low Fat,0.118674359,Household,261.691,OUT046,1997,Small,Tier 1,Supermarket Type1,3155.892
FDY14,10.3,Low Fat,0.070040195,Dairy,263.0226,OUT046,1997,Small,Tier 1,Supermarket Type1,4229.1616
FDB23,19.2,Regular,0.005620213,Starchy Foods,226.6062,OUT017,2007,,Tier 2,Supermarket Type1,5191.2426
FDD29,,Low Fat,0.018321361,Frozen Foods,255.3698,OUT027,1985,Medium,Tier 3,Supermarket Type3,4819.7262
FDZ34,6.695,Low Fat,0.075878519,Starchy Foods,194.082,OUT046,1997,Small,Tier 1,Supermarket Type1,3861.64
FDR52,,Regular,0.075676339,Frozen Foods,190.4846,OUT027,1985,Medium,Tier 3,Supermarket Type3,8789.8916
FDF39,14.85,Regular,0.019550858,Dairy,263.791,OUT045,2002,,Tier 2,Supermarket Type1,4207.856
FDN38,6.615,Regular,0.091971856,Canned,251.6408,OUT046,1997,Small,Tier 1,Supermarket Type1,6008.1792
FDE11,,Regular,0.134441765,Starchy Foods,183.9924,OUT027,1985,Medium,Tier 3,Supermarket Type3,6478.234
FDZ59,6.63,Regular,0.104183308,Baking Goods,166.15,OUT049,1999,Medium,Tier 1,Supermarket Type1,3828.35
DRE37,13.5,LF,0.094603404,Soft Drinks,187.0872,OUT018,2009,Medium,Tier 3,Supermarket Type2,3214.4824
NCW18,15.1,Low Fat,0.059275452,Household,238.9248,OUT013,1987,High,Tier 3,Supermarket Type1,6636.6944
NCR50,20.2,Low Fat,0.01181025,Household,154.634,OUT013,1987,High,Tier 3,Supermarket Type1,4287.752
FDI50,8.42,Regular,0.030816999,Canned,230.8352,OUT013,1987,High,Tier 3,Supermarket Type1,3435.528
FDW34,9.6,Low Fat,0.035780385,Snack Foods,241.317,OUT017,2007,,Tier 2,Supermarket Type1,3645.255
DRD15,10.6,Low Fat,0.056748659,Dairy,233.6642,OUT013,1987,High,Tier 3,Supermarket Type1,3950.1914
FDO52,11.6,Regular,0.07760107,Frozen Foods,171.0106,OUT017,2007,,Tier 2,Supermarket Type1,3079.9908
FDQ40,11.1,Regular,0.036027524,Frozen Foods,177.2712,OUT046,1997,Small,Tier 1,Supermarket Type1,3339.6528
FDB33,17.75,Low Fat,0.014568036,Fruits and Vegetables,158.1262,OUT013,1987,High,Tier 3,Supermarket Type1,4137.2812
FDR25,17,Regular,0.139521931,Canned,266.8884,OUT046,1997,Small,Tier 1,Supermarket Type1,5034.7796
FDM39,6.42,Low Fat,0.053553794,Dairy,178.6002,OUT049,1999,Medium,Tier 1,Supermarket Type1,3582.004
FDI20,19.1,Low Fat,0.038720852,Fruits and Vegetables,210.8586,OUT018,2009,Medium,Tier 3,Supermarket Type2,6331.758
FDB14,,Regular,0.102226474,Canned,91.312,OUT027,1985,Medium,Tier 3,Supermarket Type3,3075.996
NCU41,18.85,Low Fat,0.0520115,Health and Hygiene,190.3846,OUT013,1987,High,Tier 3,Supermarket Type1,3630.6074
FDW55,,Regular,0.021863506,Fruits and Vegetables,247.0092,OUT027,1985,Medium,Tier 3,Supermarket Type3,5478.2024
FDA55,17.2,Regular,0.056941603,Fruits and Vegetables,222.5088,OUT013,1987,High,Tier 3,Supermarket Type1,5369.0112
DRE49,,Low Fat,0,Soft Drinks,153.8024,OUT027,1985,Medium,Tier 3,Supermarket Type3,7741.9224
FDF05,17.5,Low Fat,0.026912667,Frozen Foods,261.291,OUT049,1999,Medium,Tier 1,Supermarket Type1,3418.883
FDQ33,13.35,Low Fat,0.091723066,Snack Foods,148.8708,OUT017,2007,,Tier 2,Supermarket Type1,3761.77
FDP34,12.85,Low Fat,0,Snack Foods,155.463,OUT035,2004,Small,Tier 2,Supermarket Type1,4068.038
FDK51,19.85,Low Fat,0.005264755,Dairy,264.5884,OUT017,2007,,Tier 2,Supermarket Type1,5829.7448
FDZ49,,Regular,0.132500853,Canned,220.3798,OUT027,1985,Medium,Tier 3,Supermarket Type3,5289.1152
FDV02,16.75,Low Fat,0.060495243,Dairy,169.8106,OUT013,1987,High,Tier 3,Supermarket Type1,3251.1014
DRK23,8.395,Low Fat,0.072383777,Hard Drinks,251.504,OUT017,2007,,Tier 2,Supermarket Type1,7084.112
FDD56,15.2,Regular,0.104365283,Fruits and Vegetables,177.1054,OUT017,2007,,Tier 2,Supermarket Type1,3151.8972
DRN47,12.1,Low Fat,0.016823566,Hard Drinks,178.566,OUT035,2004,Small,Tier 2,Supermarket Type1,3775.086
FDZ20,,Low Fat,0,Fruits and Vegetables,253.0356,OUT027,1985,Medium,Tier 3,Supermarket Type3,11445.102
NCQ53,17.6,Low Fat,0.018943666,Health and Hygiene,237.359,OUT045,2002,,Tier 2,Supermarket Type1,6145.334
NCC06,19,Low Fat,0.027028323,Household,127.0336,OUT049,1999,Medium,Tier 1,Supermarket Type1,3962.8416
DRJ51,14.1,Low Fat,0.08849163,Dairy,231.1668,OUT017,2007,,Tier 2,Supermarket Type1,7602.1044
FDE20,11.35,Regular,0.005539114,Fruits and Vegetables,167.879,OUT049,1999,Medium,Tier 1,Supermarket Type1,4074.696
NCB30,,Low Fat,0.025578526,Household,198.8084,OUT027,1985,Medium,Tier 3,Supermarket Type3,5555.4352
FDO13,7.865,Low Fat,0.06100886,Breakfast,166.0526,OUT013,1987,High,Tier 3,Supermarket Type1,3617.9572
FDC46,,Low Fat,0.115978122,Snack Foods,183.4266,OUT027,1985,Medium,Tier 3,Supermarket Type3,7192.6374
FDZ25,,Regular,0.02748331,Canned,169.379,OUT027,1985,Medium,Tier 3,Supermarket Type3,5602.707
NCU42,9,Low Fat,0.019546214,Household,168.1474,OUT045,2002,,Tier 2,Supermarket Type1,4211.185
FDN56,5.46,Regular,0.107223632,Fruits and Vegetables,144.8786,OUT049,1999,Medium,Tier 1,Supermarket Type1,3323.0078
FDD50,18.85,Low Fat,0.142443405,Canned,170.4132,OUT017,2007,,Tier 2,Supermarket Type1,4396.9432
FDD23,9.5,Regular,0.048761223,Starchy Foods,186.5898,OUT049,1999,Medium,Tier 1,Supermarket Type1,5238.5144
FDV13,,Regular,0.02747716,Canned,87.9856,OUT027,1985,Medium,Tier 3,Supermarket Type3,3251.7672
NCD18,16,Low Fat,0.072965144,Household,231.3668,OUT018,2009,Medium,Tier 3,Supermarket Type2,4607.336
FDA02,,Regular,0.029578726,Dairy,143.5786,OUT027,1985,Medium,Tier 3,Supermarket Type3,3756.4436
FDP10,,Low Fat,0.127469857,Snack Foods,107.7622,OUT027,1985,Medium,Tier 3,Supermarket Type3,4022.7636
FDV02,,Low Fat,0.060252433,Dairy,170.7106,OUT027,1985,Medium,Tier 3,Supermarket Type3,3079.9908
FDK03,12.6,Regular,0.074070351,Dairy,254.2356,OUT045,2002,,Tier 2,Supermarket Type1,4578.0408
NCS06,7.935,Low Fat,0.031801103,Household,261.591,OUT045,2002,,Tier 2,Supermarket Type1,3155.892
DRF23,4.61,Low Fat,0.123346085,Hard Drinks,172.5396,OUT017,2007,,Tier 2,Supermarket Type1,3663.2316
NCS06,,Low Fat,0.031583053,Household,260.991,OUT027,1985,Medium,Tier 3,Supermarket Type3,7100.757
FDA52,16.2,reg,0.128621941,Frozen Foods,175.537,OUT049,1999,Medium,Tier 1,Supermarket Type1,3528.74
FDA28,16.1,Regular,0.047792845,Frozen Foods,126.1362,OUT035,2004,Small,Tier 2,Supermarket Type1,3271.7412
NCW17,18,Low Fat,0.019386234,Health and Hygiene,126.8994,OUT046,1997,Small,Tier 1,Supermarket Type1,3083.9856
FDS52,,Low Fat,0.005448005,Frozen Foods,102.1016,OUT027,1985,Medium,Tier 3,Supermarket Type3,3542.056
NCM19,12.65,Low Fat,0.047197936,Others,114.1202,OUT013,1987,High,Tier 3,Supermarket Type1,3488.1262
FDP11,15.85,Low Fat,0.069100548,Breads,216.6166,OUT046,1997,Small,Tier 1,Supermarket Type1,4136.6154
FDA15,,Low Fat,0.015944801,Dairy,249.5092,OUT027,1985,Medium,Tier 3,Supermarket Type3,6474.2392
FDP07,18.2,Low Fat,0.090267996,Fruits and Vegetables,194.711,OUT018,2009,Medium,Tier 3,Supermarket Type2,4910.275
FDQ10,12.85,Low Fat,0.033314389,Snack Foods,171.6422,OUT018,2009,Medium,Tier 3,Supermarket Type2,3276.4018
FDP21,7.42,Regular,0.025886443,Snack Foods,189.1872,OUT017,2007,,Tier 2,Supermarket Type1,4727.18
FDY04,,Regular,0.042270751,Frozen Foods,162.521,OUT027,1985,Medium,Tier 3,Supermarket Type3,4567.388
DRF36,,Low Fat,0.023463124,Soft Drinks,190.6846,OUT027,1985,Medium,Tier 3,Supermarket Type3,9554.23
FDJ12,8.895,Regular,0.039120291,Baking Goods,206.8296,OUT045,2002,,Tier 2,Supermarket Type1,4154.592
FDF21,10.3,Regular,0,Fruits and Vegetables,189.053,OUT045,2002,,Tier 2,Supermarket Type1,5313.084
FDP33,18.7,Low Fat,0.089272253,Snack Foods,254.7672,OUT046,1997,Small,Tier 1,Supermarket Type1,5113.344
FDU44,12.15,Regular,0.058756205,Fruits and Vegetables,161.0552,OUT017,2007,,Tier 2,Supermarket Type1,3411.5592
FDB59,18.25,Low Fat,0.015278899,Snack Foods,199.0084,OUT046,1997,Small,Tier 1,Supermarket Type1,3174.5344
FDZ12,9.17,Low Fat,0.103138922,Baking Goods,141.747,OUT049,1999,Medium,Tier 1,Supermarket Type1,3006.087
FDZ14,7.71,Regular,0.047857877,Dairy,119.7756,OUT017,2007,,Tier 2,Supermarket Type1,3029.39
FDR45,10.8,Low Fat,0.028988288,Snack Foods,239.2222,OUT049,1999,Medium,Tier 1,Supermarket Type1,6692.6216
NCZ54,14.65,Low Fat,0.083359391,Household,161.9552,OUT046,1997,Small,Tier 1,Supermarket Type1,4711.2008
DRD49,9.895,Low Fat,0.16817143,Soft Drinks,237.7564,OUT045,2002,,Tier 2,Supermarket Type1,3813.7024
FDP15,,Low Fat,0.083536071,Meat,255.433,OUT027,1985,Medium,Tier 3,Supermarket Type3,9227.988
FDT16,,Regular,0.048426708,Frozen Foods,258.7278,OUT027,1985,Medium,Tier 3,Supermarket Type3,5466.8838
FDK40,7.035,Low Fat,0.021849398,Frozen Foods,262.091,OUT046,1997,Small,Tier 1,Supermarket Type1,4207.856
FDA04,,Regular,0.066406853,Frozen Foods,259.7962,OUT027,1985,Medium,Tier 3,Supermarket Type3,5697.9164
NCX41,19,Low Fat,0.017719277,Health and Hygiene,211.0244,OUT046,1997,Small,Tier 1,Supermarket Type1,3811.0392
FDT07,5.82,Regular,0.077475884,Fruits and Vegetables,255.333,OUT045,2002,,Tier 2,Supermarket Type1,4870.327
FDP45,15.7,Regular,0.03079807,Snack Foods,252.9724,OUT017,2007,,Tier 2,Supermarket Type1,3020.0688
NCA41,16.75,Low Fat,0.032586709,Health and Hygiene,191.9162,OUT046,1997,Small,Tier 1,Supermarket Type1,4040.7402
DRC24,17.85,Low Fat,0.024961677,Soft Drinks,153.1998,OUT017,2007,,Tier 2,Supermarket Type1,3383.5956
FDN04,11.8,Regular,0.014075334,Frozen Foods,176.8344,OUT013,1987,High,Tier 3,Supermarket Type1,3568.688
NCW41,18,Low Fat,0.015447454,Health and Hygiene,159.2604,OUT035,2004,Small,Tier 2,Supermarket Type1,3961.51
FDY21,,Low Fat,0.172641213,Snack Foods,195.111,OUT027,1985,Medium,Tier 3,Supermarket Type3,5303.097
FDJ56,8.985,Low Fat,0.184440421,Fruits and Vegetables,99.67,OUT017,2007,,Tier 2,Supermarket Type1,3295.71
NCK19,9.8,Low Fat,0.09046564,Others,193.6478,OUT046,1997,Small,Tier 1,Supermarket Type1,3099.9648
FDP19,11.5,LF,0.173483253,Fruits and Vegetables,129.0652,OUT035,2004,Small,Tier 2,Supermarket Type1,3487.4604
FDF41,12.15,Low Fat,0.131179812,Frozen Foods,245.246,OUT046,1997,Small,Tier 1,Supermarket Type1,3202.498
FDF39,14.85,Regular,0.019511288,Dairy,262.591,OUT046,1997,Small,Tier 1,Supermarket Type1,4996.829
FDV60,20.2,Regular,0.117543713,Baking Goods,197.311,OUT049,1999,Medium,Tier 1,Supermarket Type1,3338.987
FDW50,13.1,Low Fat,0.075515154,Dairy,167.2158,OUT013,1987,High,Tier 3,Supermarket Type1,3008.0844
FDB46,10.5,Regular,0.093909644,Snack Foods,213.7244,OUT049,1999,Medium,Tier 1,Supermarket Type1,4022.7636
FDC39,7.405,Low Fat,0,Dairy,205.7296,OUT017,2007,,Tier 2,Supermarket Type1,4570.0512
FDB52,17.75,Low Fat,0.03048292,Dairy,257.2672,OUT049,1999,Medium,Tier 1,Supermarket Type1,3068.0064
FDP25,15.2,Low Fat,0.021203509,Canned,216.3824,OUT035,2004,Small,Tier 2,Supermarket Type1,6114.7072
DRD49,9.895,Low Fat,0.168780385,Soft Drinks,236.8564,OUT017,2007,,Tier 2,Supermarket Type1,4767.128
DRK13,11.8,Low Fat,0.11507174,Soft Drinks,198.2084,OUT013,1987,High,Tier 3,Supermarket Type1,3769.7596
NCB43,20.2,Low Fat,0.099893424,Household,187.6898,OUT035,2004,Small,Tier 2,Supermarket Type1,3928.8858
FDV37,13,Regular,0.083444376,Canned,195.8426,OUT013,1987,High,Tier 3,Supermarket Type1,4152.5946
FDP16,18.6,Low Fat,0.039454924,Frozen Foods,244.0802,OUT018,2009,Medium,Tier 3,Supermarket Type2,3193.8426
FDF22,6.865,Low Fat,0.057152139,Snack Foods,211.8218,OUT017,2007,,Tier 2,Supermarket Type1,4915.6014
FDB38,19.5,Regular,0.027341529,Canned,158.292,OUT035,2004,Small,Tier 2,Supermarket Type1,3994.8
FDZ16,16.85,Regular,0.160760054,Frozen Foods,192.4478,OUT017,2007,,Tier 2,Supermarket Type1,4843.695
FDQ32,17.85,Regular,0.046608497,Fruits and Vegetables,122.9388,OUT046,1997,Small,Tier 1,Supermarket Type1,3095.97
NCP18,12.15,Low Fat,0.028714747,Household,151.9708,OUT018,2009,Medium,Tier 3,Supermarket Type2,3611.2992
FDT24,,Regular,0,Baking Goods,75.9328,OUT027,1985,Medium,Tier 3,Supermarket Type3,3012.0792
FDE36,5.26,Regular,0.041764487,Baking Goods,161.8868,OUT035,2004,Small,Tier 2,Supermarket Type1,3275.736
FDH41,9,Low Fat,0.081996013,Frozen Foods,216.2534,OUT035,2004,Small,Tier 2,Supermarket Type1,4301.068
DRB13,6.115,Regular,0.007055292,Soft Drinks,188.653,OUT049,1999,Medium,Tier 1,Supermarket Type1,3605.307
FDR16,5.845,Regular,0.105181277,Frozen Foods,214.4218,OUT049,1999,Medium,Tier 1,Supermarket Type1,5343.045
NCQ54,,Low Fat,0.012481638,Household,168.3474,OUT027,1985,Medium,Tier 3,Supermarket Type3,5221.8694
FDC51,10.895,Regular,0.009676286,Dairy,122.873,OUT017,2007,,Tier 2,Supermarket Type1,3448.844
NCL31,,Low Fat,0.119698523,Others,143.047,OUT027,1985,Medium,Tier 3,Supermarket Type3,3578.675
FDB15,10.895,Low Fat,0.136696892,Dairy,264.5568,OUT013,1987,High,Tier 3,Supermarket Type1,5536.7928
NCQ53,17.6,Low Fat,0.018905326,Health and Hygiene,234.659,OUT046,1997,Small,Tier 1,Supermarket Type1,8508.924
FDX12,18.2,Regular,0.026064486,Baking Goods,241.8196,OUT046,1997,Small,Tier 1,Supermarket Type1,4097.3332
DRK37,5,Low Fat,0,Soft Drinks,189.853,OUT045,2002,,Tier 2,Supermarket Type1,4933.578
FDL58,5.78,Regular,0.074149074,Snack Foods,262.2568,OUT046,1997,Small,Tier 1,Supermarket Type1,5273.136
FDY56,16.35,Regular,0.062359467,Fruits and Vegetables,224.0062,OUT013,1987,High,Tier 3,Supermarket Type1,4288.4178
FDJ15,11.35,Regular,0.023318068,Dairy,182.4608,OUT035,2004,Small,Tier 2,Supermarket Type1,7534.1928
FDO39,6.985,Regular,0.137926458,Meat,184.7608,OUT018,2009,Medium,Tier 3,Supermarket Type2,4042.7376
FDC03,8.575,reg,0.071958197,Dairy,195.3794,OUT049,1999,Medium,Tier 1,Supermarket Type1,3511.4292
FDP28,13.65,Regular,0.080573371,Frozen Foods,260.1936,OUT013,1987,High,Tier 3,Supermarket Type1,3914.904
FDT12,6.215,Regular,0.049902382,Baking Goods,225.8062,OUT017,2007,,Tier 2,Supermarket Type1,3159.8868
NCQ05,11.395,Low Fat,0.021649904,Health and Hygiene,150.8708,OUT045,2002,,Tier 2,Supermarket Type1,4363.6532
FDF52,,Low Fat,0.066459891,Frozen Foods,184.2292,OUT027,1985,Medium,Tier 3,Supermarket Type3,4560.73
FDQ10,12.85,Low Fat,0.033172957,Snack Foods,172.0422,OUT035,2004,Small,Tier 2,Supermarket Type1,5345.7082
DRC36,,Regular,0.044767032,Soft Drinks,173.7054,OUT027,1985,Medium,Tier 3,Supermarket Type3,5778.4782
FDJ52,7.145,Low Fat,0.017783501,Frozen Foods,159.4578,OUT035,2004,Small,Tier 2,Supermarket Type1,3209.156
NCJ05,18.7,Low Fat,0.046088273,Health and Hygiene,153.6682,OUT046,1997,Small,Tier 1,Supermarket Type1,3506.7686
FDQ16,19.7,LF,0.041803291,Frozen Foods,110.3912,OUT049,1999,Medium,Tier 1,Supermarket Type1,3275.736
NCI06,11.3,Low Fat,0.047791878,Household,180.766,OUT049,1999,Medium,Tier 1,Supermarket Type1,5033.448
FDT25,7.5,Low Fat,0.051038045,Canned,121.7072,OUT017,2007,,Tier 2,Supermarket Type1,3552.7088
FDY44,,Regular,0.024286378,Fruits and Vegetables,194.711,OUT027,1985,Medium,Tier 3,Supermarket Type3,5892.33
FDQ37,,Low Fat,0.088828418,Breakfast,192.2478,OUT027,1985,Medium,Tier 3,Supermarket Type3,7943.6598
FDB36,5.465,Regular,0.048486801,Baking Goods,131.2626,OUT013,1987,High,Tier 3,Supermarket Type1,3410.2276
FDI15,13.8,Low Fat,0.141352562,Dairy,264.1884,OUT046,1997,Small,Tier 1,Supermarket Type1,3179.8608
FDV15,10.3,LF,0.146172453,Meat,103.3648,OUT046,1997,Small,Tier 1,Supermarket Type1,3219.8088
FDR46,,Low Fat,0.138742518,Snack Foods,147.476,OUT027,1985,Medium,Tier 3,Supermarket Type3,3368.948
FDU23,12.15,Low Fat,0.02176755,Breads,164.6184,OUT045,2002,,Tier 2,Supermarket Type1,3797.7232
DRF60,10.8,Low Fat,0.052149675,Soft Drinks,239.9564,OUT049,1999,Medium,Tier 1,Supermarket Type1,3813.7024
FDC17,12.15,Low Fat,0.015460726,Frozen Foods,211.8928,OUT046,1997,Small,Tier 1,Supermarket Type1,5890.9984
DRF36,16.1,Low Fat,0.023613955,Soft Drinks,192.8846,OUT049,1999,Medium,Tier 1,Supermarket Type1,5350.3688
FDJ10,5.095,Regular,0.129766301,Snack Foods,141.6838,OUT045,2002,,Tier 2,Supermarket Type1,3231.1274
FDC47,15,Low Fat,0.119374946,Snack Foods,229.3694,OUT018,2009,Medium,Tier 3,Supermarket Type2,5024.1268
DRD60,15.7,Low Fat,0.03723211,Soft Drinks,183.1634,OUT046,1997,Small,Tier 1,Supermarket Type1,5634.6654
FDZ26,11.6,Regular,0.144604071,Dairy,240.8222,OUT018,2009,Medium,Tier 3,Supermarket Type2,3585.333
FDD21,10.3,Regular,0,Fruits and Vegetables,115.0176,OUT013,1987,High,Tier 3,Supermarket Type1,4122.6336
FDK28,5.695,Low Fat,0.065589906,Frozen Foods,258.2646,OUT046,1997,Small,Tier 1,Supermarket Type1,5410.9566
FDE11,17.7,Regular,0.13498355,Starchy Foods,184.4924,OUT013,1987,High,Tier 3,Supermarket Type1,3146.5708
NCW17,,Low Fat,0.019292355,Health and Hygiene,129.9994,OUT027,1985,Medium,Tier 3,Supermarket Type3,3340.9844
FDR56,15.5,Regular,0.101335811,Fruits and Vegetables,196.5768,OUT017,2007,,Tier 2,Supermarket Type1,3350.3056
FDU44,12.15,Regular,0.058663727,Fruits and Vegetables,164.1552,OUT018,2009,Medium,Tier 3,Supermarket Type2,3249.104
FDS11,,Regular,0.055289464,Breads,222.5088,OUT027,1985,Medium,Tier 3,Supermarket Type3,7158.6816
FDR59,14.5,Regular,0.063993068,Breads,260.4594,OUT045,2002,,Tier 2,Supermarket Type1,5494.8474
FDP08,20.5,Regular,0.112410046,Fruits and Vegetables,192.2478,OUT046,1997,Small,Tier 1,Supermarket Type1,3874.956
FDS32,,Regular,0.029510313,Fruits and Vegetables,141.9838,OUT027,1985,Medium,Tier 3,Supermarket Type3,4354.9978
FDO20,12.85,Regular,0,Fruits and Vegetables,252.3382,OUT046,1997,Small,Tier 1,Supermarket Type1,4794.4258
NCM29,,Low Fat,0.017556795,Health and Hygiene,129.9626,OUT027,1985,Medium,Tier 3,Supermarket Type3,3410.2276
NCG54,,Low Fat,0.079419801,Household,172.3106,OUT027,1985,Medium,Tier 3,Supermarket Type3,5475.5392
FDC08,,Regular,0.102949031,Fruits and Vegetables,225.272,OUT027,1985,Medium,Tier 3,Supermarket Type3,4753.812
FDG45,8.1,Low Fat,0.12829573,Fruits and Vegetables,210.4902,OUT045,2002,,Tier 2,Supermarket Type1,5309.755
NCL55,12.15,Low Fat,0,Others,254.904,OUT046,1997,Small,Tier 1,Supermarket Type1,4048.064
FDO09,13.5,Regular,0.125469442,Snack Foods,264.491,OUT049,1999,Medium,Tier 1,Supermarket Type1,6574.775
FDZ20,16.1,Low Fat,0.034376537,Fruits and Vegetables,256.1356,OUT045,2002,,Tier 2,Supermarket Type1,6358.39
FDR39,20.35,Low Fat,0.084273286,Meat,181.7292,OUT017,2007,,Tier 2,Supermarket Type1,4013.4424
FDY33,14.5,Regular,0.097398254,Snack Foods,157.4262,OUT045,2002,,Tier 2,Supermarket Type1,3978.155
FDF05,17.5,Low Fat,0.027022883,Frozen Foods,262.491,OUT017,2007,,Tier 2,Supermarket Type1,5259.82
FDU23,12.15,Low Fat,0,Breads,164.7184,OUT046,1997,Small,Tier 1,Supermarket Type1,3962.8416
NCL06,14.65,Low Fat,0.072178679,Household,262.9594,OUT049,1999,Medium,Tier 1,Supermarket Type1,5233.188
FDK34,,Low Fat,0.038340116,Snack Foods,240.1564,OUT027,1985,Medium,Tier 3,Supermarket Type3,7150.692
FDP09,19.75,Low Fat,0.033942546,Snack Foods,213.5902,OUT049,1999,Medium,Tier 1,Supermarket Type1,4460.1942
DRF23,,Low Fat,0.122058364,Hard Drinks,172.8396,OUT027,1985,Medium,Tier 3,Supermarket Type3,7152.0236
FDH19,19.35,Low Fat,0.03322326,Meat,172.0738,OUT018,2009,Medium,Tier 3,Supermarket Type2,3301.7022
FDN38,6.615,Regular,0.09234651,Canned,251.8408,OUT018,2009,Medium,Tier 3,Supermarket Type2,4506.1344
FDA43,10.895,Low Fat,0.065041581,Fruits and Vegetables,196.3794,OUT017,2007,,Tier 2,Supermarket Type1,3121.2704
FDI20,19.1,Low Fat,0.03856376,Fruits and Vegetables,209.2586,OUT046,1997,Small,Tier 1,Supermarket Type1,3165.879
FDS55,7.02,Low Fat,0.081096635,Fruits and Vegetables,148.4734,OUT013,1987,High,Tier 3,Supermarket Type1,3563.3616
FDV44,8.365,Regular,0.039925235,Fruits and Vegetables,189.2188,OUT045,2002,,Tier 2,Supermarket Type1,4570.0512
NCS30,5.945,Low Fat,0.093405156,Household,129.3652,OUT018,2009,Medium,Tier 3,Supermarket Type2,4391.6168
NCW18,15.1,Low Fat,0.059313603,Household,238.1248,OUT035,2004,Small,Tier 2,Supermarket Type1,4266.4464
FDQ37,20.75,Low Fat,0.089243789,Breakfast,192.0478,OUT035,2004,Small,Tier 2,Supermarket Type1,4649.9472
FDB44,,Low Fat,0.016876708,Fruits and Vegetables,210.0586,OUT027,1985,Medium,Tier 3,Supermarket Type3,6964.9338
FDU31,10.5,Regular,0.025041738,Fruits and Vegetables,218.7508,OUT045,2002,,Tier 2,Supermarket Type1,3255.762
FDG16,15.25,Low Fat,0.090324849,Frozen Foods,214.4192,OUT017,2007,,Tier 2,Supermarket Type1,4961.5416
FDY39,5.305,Regular,0.04710181,Meat,181.8608,OUT049,1999,Medium,Tier 1,Supermarket Type1,4594.02
FDQ25,,Regular,0.028139761,Canned,173.7422,OUT027,1985,Medium,Tier 3,Supermarket Type3,3621.2862
FDF44,7.17,Regular,0.059849153,Fruits and Vegetables,129.4968,OUT045,2002,,Tier 2,Supermarket Type1,3392.9168
NCK42,7.475,Low Fat,0.01319424,Household,217.4192,OUT017,2007,,Tier 2,Supermarket Type1,4314.384
NCZ06,,Low Fat,0.09370568,Household,253.8698,OUT027,1985,Medium,Tier 3,Supermarket Type3,3297.7074
FDA15,9.3,Low Fat,0.016047301,Dairy,249.8092,OUT049,1999,Medium,Tier 1,Supermarket Type1,3735.138
DRI01,7.97,Low Fat,0.034647829,Soft Drinks,171.2422,OUT017,2007,,Tier 2,Supermarket Type1,3103.9596
FDB21,7.475,Low Fat,0.148821808,Fruits and Vegetables,241.2854,OUT045,2002,,Tier 2,Supermarket Type1,5317.0788
NCC07,,Low Fat,0.023835164,Household,103.3964,OUT027,1985,Medium,Tier 3,Supermarket Type3,3050.6956
FDY14,10.3,Low Fat,0.069981909,Dairy,263.0226,OUT013,1987,High,Tier 3,Supermarket Type1,6079.4198
FDT26,18.85,Regular,0.068091318,Dairy,120.644,OUT045,2002,,Tier 2,Supermarket Type1,3475.476
FDI07,12.35,Regular,0.033760862,Meat,196.9426,OUT046,1997,Small,Tier 1,Supermarket Type1,5141.3076
FDC02,,Low Fat,0.068489201,Canned,259.3278,OUT027,1985,Medium,Tier 3,Supermarket Type3,4165.2448
NCI06,11.3,Low Fat,0.047814463,Household,179.266,OUT045,2002,,Tier 2,Supermarket Type1,5033.448
FDU51,,Regular,0.096046304,Meat,178.7028,OUT027,1985,Medium,Tier 3,Supermarket Type3,4604.6728
FDS10,19.2,Low Fat,0.035384612,Snack Foods,180.3318,OUT017,2007,,Tier 2,Supermarket Type1,3428.2042
FDX52,11.5,Regular,0.041994624,Frozen Foods,194.782,OUT035,2004,Small,Tier 2,Supermarket Type1,3475.476
FDK28,5.695,Low Fat,0.065960909,Frozen Foods,259.2646,OUT017,2007,,Tier 2,Supermarket Type1,9275.9256
FDD21,10.3,Regular,0.030569229,Fruits and Vegetables,113.1176,OUT046,1997,Small,Tier 1,Supermarket Type1,4695.2216
FDY45,17.5,Low Fat,0.026248606,Snack Foods,255.1356,OUT018,2009,Medium,Tier 3,Supermarket Type2,3815.034
FDN51,17.85,Regular,0.020942867,Meat,260.2936,OUT035,2004,Small,Tier 2,Supermarket Type1,4175.8976
FDQ49,,Regular,0.039057677,Breakfast,155.963,OUT027,1985,Medium,Tier 3,Supermarket Type3,3285.723
FDL57,15.1,Regular,0.067212845,Snack Foods,260.2304,OUT045,2002,,Tier 2,Supermarket Type1,4908.2776
NCQ50,18.75,LF,0.034278798,Household,214.1218,OUT013,1987,High,Tier 3,Supermarket Type1,4488.1578
NCJ31,19.2,Low Fat,0.182653772,Others,243.0196,OUT046,1997,Small,Tier 1,Supermarket Type1,3374.2744
DRE48,8.43,LF,0.017322454,Soft Drinks,196.8768,OUT035,2004,Small,Tier 2,Supermarket Type1,3350.3056
NCA42,6.965,Low Fat,0,Household,159.4604,OUT013,1987,High,Tier 3,Supermarket Type1,3169.208
DRG49,7.81,Low Fat,0.067836851,Soft Drinks,246.1486,OUT017,2007,,Tier 2,Supermarket Type1,5375.6692
FDY32,7.605,Low Fat,0.129503146,Fruits and Vegetables,164.021,OUT045,2002,,Tier 2,Supermarket Type1,3914.904
FDZ51,11.3,Regular,0.054637635,Meat,93.3094,OUT049,1999,Medium,Tier 1,Supermarket Type1,3046.7008
FDD17,7.5,LF,0.032626952,Frozen Foods,235.9906,OUT046,1997,Small,Tier 1,Supermarket Type1,6893.0274
DRQ35,,Low Fat,0.042086652,Hard Drinks,122.4388,OUT027,1985,Medium,Tier 3,Supermarket Type3,5448.9072
FDF11,10.195,Regular,0.017730951,Starchy Foods,239.8538,OUT017,2007,,Tier 2,Supermarket Type1,4086.0146
FDJ55,12.8,Regular,0.023511371,Meat,225.9404,OUT013,1987,High,Tier 3,Supermarket Type1,4950.8888
FDX20,7.365,Low Fat,0.042733625,Fruits and Vegetables,226.972,OUT018,2009,Medium,Tier 3,Supermarket Type2,3848.324
FDI02,15.7,Regular,0.11454343,Canned,113.7202,OUT035,2004,Small,Tier 2,Supermarket Type1,3263.0858
FDF21,10.3,Regular,0.058918844,Fruits and Vegetables,191.653,OUT049,1999,Medium,Tier 1,Supermarket Type1,5313.084
FDS01,11.6,Low Fat,0.017845372,Canned,179.0686,OUT017,2007,,Tier 2,Supermarket Type1,5688.5952
FDT16,9.895,Regular,0.048860587,Frozen Foods,260.2278,OUT018,2009,Medium,Tier 3,Supermarket Type2,4165.2448
FDU02,13.35,low fat,0.102426197,Dairy,230.6352,OUT013,1987,High,Tier 3,Supermarket Type1,5725.88
FDD29,12.15,Low Fat,0.018514652,Frozen Foods,252.7698,OUT017,2007,,Tier 2,Supermarket Type1,5834.4054
FDW57,8.31,reg,0.116148596,Snack Foods,176.0028,OUT018,2009,Medium,Tier 3,Supermarket Type2,4427.57
FDO24,11.1,Low Fat,0.176573035,Baking Goods,157.4604,OUT045,2002,,Tier 2,Supermarket Type1,3010.7476
FDK52,,Low Fat,0,Frozen Foods,225.3062,OUT027,1985,Medium,Tier 3,Supermarket Type3,4288.4178
FDF34,,Regular,0.013951504,Snack Foods,199.9084,OUT027,1985,Medium,Tier 3,Supermarket Type3,5753.8436
FDO25,,Low Fat,0.126831854,Canned,209.027,OUT027,1985,Medium,Tier 3,Supermarket Type3,4613.994
NCS54,13.6,Low Fat,0.010013429,Household,176.437,OUT045,2002,,Tier 2,Supermarket Type1,4587.362
NCG55,16.25,Low Fat,0,Household,115.2176,OUT017,2007,,Tier 2,Supermarket Type1,3206.4928
FDK50,7.96,Low Fat,0.028357839,Canned,163.2894,OUT035,2004,Small,Tier 2,Supermarket Type1,4530.1032
DRA59,8.27,Regular,0.127927931,Soft Drinks,184.8924,OUT046,1997,Small,Tier 1,Supermarket Type1,4442.2176
FDL13,13.85,Regular,0.056406129,Breakfast,231.43,OUT049,1999,Medium,Tier 1,Supermarket Type1,3029.39
FDY37,17,Regular,0.026622757,Canned,144.247,OUT045,2002,,Tier 2,Supermarket Type1,3149.234
FDA56,9.21,Low Fat,0.008764786,Fruits and Vegetables,123.1414,OUT046,1997,Small,Tier 1,Supermarket Type1,4264.449
FDZ26,11.6,Regular,0.144241314,Dairy,239.4222,OUT049,1999,Medium,Tier 1,Supermarket Type1,3346.3108
NCQ54,17.7,Low Fat,0.012540003,Household,167.0474,OUT035,2004,Small,Tier 2,Supermarket Type1,5895.659
FDB17,13.15,Low Fat,0.036672107,Frozen Foods,182.5976,OUT046,1997,Small,Tier 1,Supermarket Type1,4165.2448
FDG21,17.35,Regular,0,Seafood,150.205,OUT045,2002,,Tier 2,Supermarket Type1,5992.2
NCT18,14.6,Low Fat,0.059405152,Household,179.6976,OUT046,1997,Small,Tier 1,Supermarket Type1,3621.952
FDB56,8.75,Regular,0.074778547,Fruits and Vegetables,186.3556,OUT045,2002,,Tier 2,Supermarket Type1,3567.3564
FDM21,20.2,Low Fat,0.06449461,Snack Foods,259.2646,OUT045,2002,,Tier 2,Supermarket Type1,3091.9752
FDY34,,Regular,0.010928678,Snack Foods,167.0842,OUT027,1985,Medium,Tier 3,Supermarket Type3,6465.5838
NCQ42,,Low Fat,0.039078047,Household,128.3678,OUT027,1985,Medium,Tier 3,Supermarket Type3,3179.195
FDX08,12.85,Low Fat,0.022604051,Fruits and Vegetables,181.4318,OUT046,1997,Small,Tier 1,Supermarket Type1,3428.2042
FDW56,,Low Fat,0.070556945,Fruits and Vegetables,191.2162,OUT027,1985,Medium,Tier 3,Supermarket Type3,7504.2318
FDA34,11.5,Low Fat,0.014944614,Starchy Foods,171.808,OUT017,2007,,Tier 2,Supermarket Type1,5712.564
FDT27,,Regular,0.069250192,Meat,232.9616,OUT027,1985,Medium,Tier 3,Supermarket Type3,3515.424
FDX20,,Low Fat,0.042354152,Fruits and Vegetables,227.272,OUT027,1985,Medium,Tier 3,Supermarket Type3,7017.532
NCV06,11.3,Low Fat,0.06705851,Household,194.0478,OUT017,2007,,Tier 2,Supermarket Type1,3293.7126
FDJ41,6.85,Low Fat,0.022864238,Frozen Foods,260.0594,OUT013,1987,High,Tier 3,Supermarket Type1,6018.1662
FDV59,13.35,Low Fat,0.048124443,Breads,216.7166,OUT045,2002,,Tier 2,Supermarket Type1,3918.8988
DRL01,19.5,Regular,0.077292302,Soft Drinks,235.3958,OUT049,1999,Medium,Tier 1,Supermarket Type1,6309.7866
FDU55,,Low Fat,0.035737373,Fruits and Vegetables,260.6278,OUT027,1985,Medium,Tier 3,Supermarket Type3,9371.8008
FDF47,20.85,Low Fat,0.097536998,Starchy Foods,225.3746,OUT013,1987,High,Tier 3,Supermarket Type1,3365.619
FDY37,17,Regular,0.026568875,Canned,142.047,OUT046,1997,Small,Tier 1,Supermarket Type1,3149.234
NCT17,,Low Fat,0.041663111,Health and Hygiene,188.6214,OUT027,1985,Medium,Tier 3,Supermarket Type3,6029.4848
FDW60,,Regular,0.016979326,Baking Goods,177.037,OUT027,1985,Medium,Tier 3,Supermarket Type3,3352.303
DRM23,,Low Fat,0,Hard Drinks,171.7422,OUT027,1985,Medium,Tier 3,Supermarket Type3,6207.9192
NCQ53,17.6,Low Fat,0.019012262,Health and Hygiene,237.159,OUT017,2007,,Tier 2,Supermarket Type1,3072.667
FDO44,,Low Fat,0.087029712,Fruits and Vegetables,109.2228,OUT027,1985,Medium,Tier 3,Supermarket Type3,3205.1612
DRJ23,,Low Fat,0,Hard Drinks,188.1872,OUT027,1985,Medium,Tier 3,Supermarket Type3,3214.4824
NCX53,20.1,Low Fat,0.014925407,Health and Hygiene,143.4154,OUT013,1987,High,Tier 3,Supermarket Type1,3545.385
FDO20,12.85,Regular,0.152099033,Fruits and Vegetables,252.6382,OUT035,2004,Small,Tier 2,Supermarket Type1,3532.7348
FDA34,,Low Fat,0.014788594,Starchy Foods,174.408,OUT027,1985,Medium,Tier 3,Supermarket Type3,7443.644
FDW04,,Regular,0,Frozen Foods,130.531,OUT027,1985,Medium,Tier 3,Supermarket Type3,5582.733
FDD40,20.25,Regular,0.014816356,Dairy,194.1162,OUT049,1999,Medium,Tier 1,Supermarket Type1,3848.324
FDE16,8.895,Low Fat,0.026451028,Frozen Foods,210.3954,OUT018,2009,Medium,Tier 3,Supermarket Type2,5001.4896
FDU44,12.15,Regular,0.058516562,Fruits and Vegetables,164.1552,OUT049,1999,Medium,Tier 1,Supermarket Type1,5198.5664
FDY25,,Low Fat,0.033809913,Canned,180.5976,OUT027,1985,Medium,Tier 3,Supermarket Type3,7968.2944
NCJ05,18.7,Low Fat,0.04604992,Health and Hygiene,151.9682,OUT013,1987,High,Tier 3,Supermarket Type1,3354.3004
NCL30,,Low Fat,0.048703432,Household,125.9336,OUT027,1985,Medium,Tier 3,Supermarket Type3,7158.6816
FDI50,8.42,Regular,0.030968306,Canned,227.8352,OUT018,2009,Medium,Tier 3,Supermarket Type2,3435.528
FDQ09,,Low Fat,0.057850699,Snack Foods,113.2834,OUT027,1985,Medium,Tier 3,Supermarket Type3,4376.9692
FDL08,10.8,Low Fat,0.050000257,Fruits and Vegetables,243.9144,OUT017,2007,,Tier 2,Supermarket Type1,4655.2736
NCZ18,7.825,low fat,0.186357148,Household,254.3698,OUT049,1999,Medium,Tier 1,Supermarket Type1,5580.7356
FDA15,9.3,Low Fat,0.01601936,Dairy,248.5092,OUT035,2004,Small,Tier 2,Supermarket Type1,6474.2392
NCQ05,11.395,LF,0,Health and Hygiene,151.6708,OUT013,1987,High,Tier 3,Supermarket Type1,3460.8284
FDH05,,Regular,0.090473389,Frozen Foods,229.7984,OUT027,1985,Medium,Tier 3,Supermarket Type3,6024.1584
FDS56,5.785,Regular,0.038749536,Fruits and Vegetables,262.0252,OUT035,2004,Small,Tier 2,Supermarket Type1,4459.5284
FDQ12,,Low Fat,0.03523927,Baking Goods,231.601,OUT027,1985,Medium,Tier 3,Supermarket Type3,5972.226
FDT19,7.59,Regular,0.14526636,Fruits and Vegetables,172.908,OUT049,1999,Medium,Tier 1,Supermarket Type1,6231.888
FDZ09,17.6,Low Fat,0.104791689,Snack Foods,165.2868,OUT013,1987,High,Tier 3,Supermarket Type1,3111.9492
FDX36,9.695,Regular,0.128283243,Baking Goods,226.1404,OUT046,1997,Small,Tier 1,Supermarket Type1,3375.606
FDO46,9.6,Regular,0,Snack Foods,191.0872,OUT017,2007,,Tier 2,Supermarket Type1,4349.0056
DRK47,7.905,Low Fat,0.064011067,Hard Drinks,230.2694,OUT013,1987,High,Tier 3,Supermarket Type1,4567.388
FDX22,6.785,Regular,0.022974812,Snack Foods,208.7928,OUT046,1997,Small,Tier 1,Supermarket Type1,5890.9984
FDO36,,Low Fat,0.07753654,Baking Goods,180.866,OUT027,1985,Medium,Tier 3,Supermarket Type3,3235.788
FDM39,6.42,low fat,0.053426165,Dairy,178.7002,OUT013,1987,High,Tier 3,Supermarket Type1,4477.505
FDH08,7.51,Low Fat,0.01742908,Fruits and Vegetables,229.601,OUT046,1997,Small,Tier 1,Supermarket Type1,6201.927
FDN58,13.8,Regular,0.056872392,Snack Foods,231.1984,OUT046,1997,Small,Tier 1,Supermarket Type1,5097.3648
FDO34,17.7,Low Fat,0.030108283,Snack Foods,165.9816,OUT017,2007,,Tier 2,Supermarket Type1,4362.3216
FDP45,,Regular,0.030476541,Snack Foods,252.2724,OUT027,1985,Medium,Tier 3,Supermarket Type3,5033.448
NCE42,21.1,Low Fat,0.010593469,Household,234.2958,OUT013,1987,High,Tier 3,Supermarket Type1,3739.1328
FDB03,17.75,Regular,0.156701315,Dairy,240.7538,OUT013,1987,High,Tier 3,Supermarket Type1,4566.7222
FDT12,6.215,Regular,0.049722335,Baking Goods,224.5062,OUT045,2002,,Tier 2,Supermarket Type1,4514.124
NCU42,9,Low Fat,0.019536981,Household,170.0474,OUT049,1999,Medium,Tier 1,Supermarket Type1,4211.185
NCL31,7.39,Low Fat,0.120280989,Others,142.747,OUT046,1997,Small,Tier 1,Supermarket Type1,3149.234
FDE24,,Low Fat,0.093010026,Baking Goods,143.0812,OUT027,1985,Medium,Tier 3,Supermarket Type3,3704.5112
FDM20,10,Low Fat,0.038904624,Fruits and Vegetables,245.4144,OUT017,2007,,Tier 2,Supermarket Type1,6615.3888
FDI08,18.2,reg,0.066431507,Fruits and Vegetables,250.1092,OUT045,2002,,Tier 2,Supermarket Type1,4233.1564
FDF53,20.75,Regular,0.083536989,Frozen Foods,180.3318,OUT013,1987,High,Tier 3,Supermarket Type1,4149.9314
NCO42,21.25,Low Fat,0.024795057,Household,147.4102,OUT017,2007,,Tier 2,Supermarket Type1,3791.0652
FDX37,,Low Fat,0.062724117,Canned,100.57,OUT027,1985,Medium,Tier 3,Supermarket Type3,5093.37
FDX16,17.85,Low Fat,0.06594351,Frozen Foods,149.105,OUT045,2002,,Tier 2,Supermarket Type1,4643.955
FDN57,18.25,Low Fat,0.054318517,Snack Foods,140.9154,OUT049,1999,Medium,Tier 1,Supermarket Type1,6381.693
FDR23,15.85,Low Fat,0.082120687,Breads,177.437,OUT018,2009,Medium,Tier 3,Supermarket Type2,5645.984
FDB44,6.655,Low Fat,0.016958832,Fruits and Vegetables,210.0586,OUT046,1997,Small,Tier 1,Supermarket Type1,4221.172
NCB06,,Low Fat,0.081933378,Health and Hygiene,161.492,OUT027,1985,Medium,Tier 3,Supermarket Type3,6391.68
FDN39,19.35,Regular,0,Meat,169.0816,OUT013,1987,High,Tier 3,Supermarket Type1,3523.4136
FDJ08,11.1,Low Fat,0.111122936,Fruits and Vegetables,189.2846,OUT018,2009,Medium,Tier 3,Supermarket Type2,3630.6074
FDN58,13.8,reg,0.056960814,Snack Foods,230.0984,OUT049,1999,Medium,Tier 1,Supermarket Type1,3707.1744
FDQ01,19.7,Regular,0.161610636,Canned,255.2014,OUT017,2007,,Tier 2,Supermarket Type1,3570.0196
FDL57,15.1,Regular,0.067020992,Snack Foods,260.3304,OUT013,1987,High,Tier 3,Supermarket Type1,5424.9384
FDF56,16.7,Regular,0.120137953,Fruits and Vegetables,181.2976,OUT017,2007,,Tier 2,Supermarket Type1,3078.6592
FDG17,6.865,Regular,0.035895934,Frozen Foods,244.4486,OUT049,1999,Medium,Tier 1,Supermarket Type1,6353.0636
DRN47,12.1,Low Fat,0.016812745,Hard Drinks,180.666,OUT013,1987,High,Tier 3,Supermarket Type1,4134.618
FDP33,18.7,LF,0.089777214,Snack Foods,256.4672,OUT017,2007,,Tier 2,Supermarket Type1,5369.0112
FDC02,21.35,Low Fat,0.069102831,Canned,259.9278,OUT018,2009,Medium,Tier 3,Supermarket Type2,6768.5228
FDW51,6.155,Regular,0.094807042,Meat,213.356,OUT049,1999,Medium,Tier 1,Supermarket Type1,3835.008
NCK30,14.85,Low Fat,0.060927824,Household,254.8698,OUT013,1987,High,Tier 3,Supermarket Type1,4819.7262
FDD46,6.035,low fat,0.14113846,Snack Foods,155.0998,OUT013,1987,High,Tier 3,Supermarket Type1,3691.1952
NCX17,21.25,Low Fat,0.114246019,Health and Hygiene,231.23,OUT017,2007,,Tier 2,Supermarket Type1,3029.39
FDO03,10.395,Regular,0.036957777,Meat,230.5352,OUT045,2002,,Tier 2,Supermarket Type1,4580.704
DRK13,11.8,Low Fat,0.115346634,Soft Drinks,200.2084,OUT049,1999,Medium,Tier 1,Supermarket Type1,4563.3932
NCL17,7.39,Low Fat,0.067779712,Health and Hygiene,143.8812,OUT046,1997,Small,Tier 1,Supermarket Type1,3134.5864
FDA19,7.52,Low Fat,0.055127499,Fruits and Vegetables,128.2994,OUT046,1997,Small,Tier 1,Supermarket Type1,3983.4814
FDJ60,19.35,Regular,0.062528426,Baking Goods,166.9184,OUT046,1997,Small,Tier 1,Supermarket Type1,3302.368
NCQ06,13,Low Fat,0.041909345,Household,255.0014,OUT045,2002,,Tier 2,Supermarket Type1,5865.0322
FDY26,,Regular,0.030362777,Dairy,210.5244,OUT027,1985,Medium,Tier 3,Supermarket Type3,6775.1808
NCB30,14.6,Low Fat,0.02575512,Household,199.6084,OUT045,2002,,Tier 2,Supermarket Type1,3769.7596
FDW57,8.31,Regular,0,Snack Foods,177.4028,OUT046,1997,Small,Tier 1,Supermarket Type1,3896.2616
NCZ53,9.6,Low Fat,0.024456797,Health and Hygiene,186.6214,OUT013,1987,High,Tier 3,Supermarket Type1,3203.1638
FDB03,17.75,Regular,0.156802171,Dairy,242.1538,OUT035,2004,Small,Tier 2,Supermarket Type1,4326.3684
NCB07,19.2,Low Fat,0.077628053,Household,197.611,OUT049,1999,Medium,Tier 1,Supermarket Type1,3142.576
FDA08,,Regular,0.049842613,Fruits and Vegetables,164.2526,OUT027,1985,Medium,Tier 3,Supermarket Type3,3946.8624
FDU19,,Regular,0.046544984,Fruits and Vegetables,172.0422,OUT027,1985,Medium,Tier 3,Supermarket Type3,4828.3816
NCD31,12.1,LF,0.015497337,Household,165.5526,OUT018,2009,Medium,Tier 3,Supermarket Type2,3453.5046
DRK37,,Low Fat,0.04379158,Soft Drinks,189.053,OUT027,1985,Medium,Tier 3,Supermarket Type3,6261.849
FDU02,13.35,Low Fat,0.102670882,Dairy,228.6352,OUT049,1999,Medium,Tier 1,Supermarket Type1,3435.528
FDT52,9.695,Regular,0.047429578,Frozen Foods,245.8144,OUT046,1997,Small,Tier 1,Supermarket Type1,3430.2016
FDN09,14.15,Low Fat,0.034868095,Snack Foods,243.7828,OUT035,2004,Small,Tier 2,Supermarket Type1,6579.4356
FDS16,,Regular,0,Frozen Foods,145.276,OUT027,1985,Medium,Tier 3,Supermarket Type3,5273.136
FDX49,4.615,Regular,0.101812521,Canned,232.23,OUT035,2004,Small,Tier 2,Supermarket Type1,5126.66
FDH34,,Low Fat,0.030944666,Snack Foods,186.6582,OUT027,1985,Medium,Tier 3,Supermarket Type3,3715.164
FDC47,15,Low Fat,0.118791698,Snack Foods,229.9694,OUT013,1987,High,Tier 3,Supermarket Type1,4339.0186
FDU13,8.355,Low Fat,0.188619537,Canned,146.4418,OUT017,2007,,Tier 2,Supermarket Type1,3089.9778
FDA16,,Low Fat,0.033777629,Frozen Foods,222.8456,OUT027,1985,Medium,Tier 3,Supermarket Type3,7073.4592
DRM59,5.88,Low Fat,0.003612411,Hard Drinks,154.1998,OUT017,2007,,Tier 2,Supermarket Type1,3537.3954
NCF06,6.235,Low Fat,0.020229757,Household,260.8962,OUT049,1999,Medium,Tier 1,Supermarket Type1,5956.9126
FDR25,17,Regular,0.139804885,Canned,265.7884,OUT045,2002,,Tier 2,Supermarket Type1,3974.826
FDD50,,Low Fat,0.14095631,Canned,167.7132,OUT027,1985,Medium,Tier 3,Supermarket Type3,3889.6036
FDH57,10.895,LF,0.035949725,Fruits and Vegetables,132.9284,OUT017,2007,,Tier 2,Supermarket Type1,3295.71
FDC47,15,Low Fat,0.119131749,Snack Foods,226.9694,OUT045,2002,,Tier 2,Supermarket Type1,6851.082
FDG09,20.6,Regular,0.04792722,Fruits and Vegetables,185.9556,OUT035,2004,Small,Tier 2,Supermarket Type1,4318.3788
FDF26,6.825,Regular,0.046625941,Canned,154.9998,OUT035,2004,Small,Tier 2,Supermarket Type1,3075.996
FDG32,,low fat,0.17514326,Fruits and Vegetables,222.3772,OUT027,1985,Medium,Tier 3,Supermarket Type3,9562.2196
FDR55,12.15,reg,0.132058566,Fruits and Vegetables,187.5872,OUT035,2004,Small,Tier 2,Supermarket Type1,4349.0056
FDL34,,Low Fat,0.040747616,Snack Foods,140.2496,OUT027,1985,Medium,Tier 3,Supermarket Type3,4093.3384
DRI23,18.85,Low Fat,0.13747519,Hard Drinks,158.6578,OUT045,2002,,Tier 2,Supermarket Type1,3369.6138
FDJ55,12.8,Regular,0.023526504,Meat,223.5404,OUT035,2004,Small,Tier 2,Supermarket Type1,5626.01
FDK10,5.785,Regular,0.040523265,Snack Foods,177.866,OUT018,2009,Medium,Tier 3,Supermarket Type2,4853.682
NCR05,10.1,Low Fat,0.054741627,Health and Hygiene,200.2084,OUT045,2002,,Tier 2,Supermarket Type1,3174.5344
FDT39,6.26,Regular,0.009923732,Meat,152.8366,OUT017,2007,,Tier 2,Supermarket Type1,3778.415
FDX19,19.1,Low Fat,0.096733815,Fruits and Vegetables,233.1958,OUT046,1997,Small,Tier 1,Supermarket Type1,5141.3076
NCH42,6.86,Low Fat,0.03674399,Household,231.201,OUT017,2007,,Tier 2,Supermarket Type1,6201.927
FDS60,20.85,Low Fat,0.032442388,Baking Goods,178.366,OUT035,2004,Small,Tier 2,Supermarket Type1,4673.916
DRB24,8.785,Low Fat,0.020618957,Soft Drinks,153.0656,OUT045,2002,,Tier 2,Supermarket Type1,4170.5712
FDS48,,Low Fat,0.027644732,Baking Goods,149.4708,OUT027,1985,Medium,Tier 3,Supermarket Type3,3159.8868
FDR55,12.15,Regular,0.132621594,Fruits and Vegetables,190.1872,OUT018,2009,Medium,Tier 3,Supermarket Type2,3781.744
FDT21,,Low Fat,0,Snack Foods,248.8092,OUT027,1985,Medium,Tier 3,Supermarket Type3,6474.2392
NCE18,10,Low Fat,0.021421289,Household,248.375,OUT035,2004,Small,Tier 2,Supermarket Type1,7240.575
FDG26,18.85,Low Fat,0.042891098,Canned,257.633,OUT017,2007,,Tier 2,Supermarket Type1,5382.993
FDV33,9.6,Regular,0.027399064,Snack Foods,258.3304,OUT045,2002,,Tier 2,Supermarket Type1,4133.2864
FDW27,5.86,Regular,0.151467821,Meat,154.1314,OUT018,2009,Medium,Tier 3,Supermarket Type2,3412.8908
DRM37,,LF,0.095931002,Soft Drinks,198.5768,OUT027,1985,Medium,Tier 3,Supermarket Type3,6897.688
DRZ24,7.535,Low Fat,0.081914677,Soft Drinks,120.344,OUT049,1999,Medium,Tier 1,Supermarket Type1,3835.008
FDE11,17.7,Regular,0,Starchy Foods,184.3924,OUT046,1997,Small,Tier 1,Supermarket Type1,4257.1252
FDY28,7.47,Regular,0.153011599,Frozen Foods,215.2218,OUT017,2007,,Tier 2,Supermarket Type1,3419.5488
FDY47,,Regular,0.054220618,Breads,129.131,OUT027,1985,Medium,Tier 3,Supermarket Type3,4933.578
FDH32,12.8,Low Fat,0.076045655,Fruits and Vegetables,96.541,OUT035,2004,Small,Tier 2,Supermarket Type1,3765.099
FDD17,7.5,Low Fat,0.032677678,Frozen Foods,239.0906,OUT049,1999,Medium,Tier 1,Supermarket Type1,5942.265
FDJ57,7.42,Regular,0.021617397,Seafood,185.0582,OUT045,2002,,Tier 2,Supermarket Type1,5201.2296
FDI46,9.5,Low Fat,0.074345268,Snack Foods,251.9724,OUT046,1997,Small,Tier 1,Supermarket Type1,3523.4136
FDG16,15.25,Low Fat,0.089816808,Frozen Foods,217.3192,OUT046,1997,Small,Tier 1,Supermarket Type1,5608.6992
FDG21,17.35,Regular,0.146299902,Seafood,150.405,OUT046,1997,Small,Tier 1,Supermarket Type1,3894.93
NCF18,18.35,LF,0.089345074,Household,191.9504,OUT018,2009,Medium,Tier 3,Supermarket Type2,5369.0112
FDI34,10.65,Regular,0.085119855,Snack Foods,229.8668,OUT035,2004,Small,Tier 2,Supermarket Type1,4146.6024
DRM37,15.35,Low Fat,0.096379585,Soft Drinks,196.5768,OUT035,2004,Small,Tier 2,Supermarket Type1,4729.8432
FDN04,,Regular,0.01401884,Frozen Foods,178.1344,OUT027,1985,Medium,Tier 3,Supermarket Type3,3747.1224
FDD02,16.6,Low Fat,0.050392993,Canned,118.4124,OUT045,2002,,Tier 2,Supermarket Type1,3199.8348
FDA21,13.65,Low Fat,0.036107198,Snack Foods,184.4924,OUT018,2009,Medium,Tier 3,Supermarket Type2,5182.5872
FDF41,12.15,Low Fat,0.131714183,Frozen Foods,245.846,OUT018,2009,Medium,Tier 3,Supermarket Type2,4434.228
FDO20,12.85,Regular,0.152747503,Fruits and Vegetables,252.0382,OUT018,2009,Medium,Tier 3,Supermarket Type2,4037.4112
FDZ52,,Low Fat,0.099589909,Frozen Foods,109.1886,OUT027,1985,Medium,Tier 3,Supermarket Type3,4225.1668
DRP35,18.85,Low Fat,0.09079168,Hard Drinks,127.1336,OUT013,1987,High,Tier 3,Supermarket Type1,3579.3408
FDK25,11.6,Regular,0.157075658,Breakfast,166.6474,OUT049,1999,Medium,Tier 1,Supermarket Type1,4211.185
NCM19,,Low Fat,0.047008497,Others,112.0202,OUT027,1985,Medium,Tier 3,Supermarket Type3,5063.409
FDH05,14.35,reg,0.091054989,Frozen Foods,231.8984,OUT049,1999,Medium,Tier 1,Supermarket Type1,4633.968
DRG36,14.15,Low Fat,0.095298849,Soft Drinks,171.8106,OUT013,1987,High,Tier 3,Supermarket Type1,3935.5438
NCR38,17.25,Low Fat,0.114160573,Household,253.1724,OUT017,2007,,Tier 2,Supermarket Type1,3775.086
FDD33,,Low Fat,0,Fruits and Vegetables,231.9642,OUT027,1985,Medium,Tier 3,Supermarket Type3,6970.926
FDK40,7.035,Low Fat,0.02189371,Frozen Foods,262.791,OUT045,2002,,Tier 2,Supermarket Type1,3681.874
FDB37,,Regular,0.022829734,Baking Goods,241.0538,OUT027,1985,Medium,Tier 3,Supermarket Type3,4566.7222
NCH54,13.5,Low Fat,0.072655379,Household,157.792,OUT035,2004,Small,Tier 2,Supermarket Type1,3994.8
FDT07,5.82,Regular,0.077319079,Fruits and Vegetables,255.433,OUT046,1997,Small,Tier 1,Supermarket Type1,4357.661
NCW05,20.25,Low Fat,0.148372897,Health and Hygiene,108.8938,OUT045,2002,,Tier 2,Supermarket Type1,3644.5892
FDY51,12.5,Low Fat,0.081134826,Meat,220.0798,OUT046,1997,Small,Tier 1,Supermarket Type1,4848.3556
FDL20,17.1,Low Fat,0,Fruits and Vegetables,111.9886,OUT046,1997,Small,Tier 1,Supermarket Type1,3002.0922
FDM46,,Low Fat,0.159193194,Snack Foods,92.712,OUT027,1985,Medium,Tier 3,Supermarket Type3,3635.268
DRG48,,Low Fat,0.014484582,Soft Drinks,143.9102,OUT027,1985,Medium,Tier 3,Supermarket Type3,3062.0142
FDZ56,16.25,Low Fat,0.025732114,Fruits and Vegetables,166.4474,OUT035,2004,Small,Tier 2,Supermarket Type1,5390.3168
FDX25,,Low Fat,0.101561568,Canned,181.9292,OUT027,1985,Medium,Tier 3,Supermarket Type3,3101.2964
FDO09,13.5,Regular,0.125528734,Snack Foods,262.191,OUT045,2002,,Tier 2,Supermarket Type1,6048.793
NCH43,8.42,Low Fat,0.070712031,Household,216.4192,OUT045,2002,,Tier 2,Supermarket Type1,3020.0688
DRG13,,Low Fat,0.037006076,Soft Drinks,164.7526,OUT027,1985,Medium,Tier 3,Supermarket Type3,4111.315
NCF42,,Low Fat,0.166572501,Household,176.1712,OUT027,1985,Medium,Tier 3,Supermarket Type3,3691.1952
FDZ20,16.1,Low Fat,0.034278413,Fruits and Vegetables,255.2356,OUT013,1987,High,Tier 3,Supermarket Type1,6867.0612
FDO16,5.48,Low Fat,0.015138834,Frozen Foods,81.925,OUT045,2002,,Tier 2,Supermarket Type1,3079.325
FDV22,14.85,Regular,0.009979271,Snack Foods,155.763,OUT018,2009,Medium,Tier 3,Supermarket Type2,3129.26
NCA30,19,low fat,0.129534812,Household,190.1872,OUT049,1999,Medium,Tier 1,Supermarket Type1,5105.3544
FDC02,21.35,Low Fat,0.068765205,Canned,260.4278,OUT013,1987,High,Tier 3,Supermarket Type1,3644.5892
FDE39,7.89,Low Fat,0.036207786,Dairy,121.0782,OUT045,2002,,Tier 2,Supermarket Type1,3456.1678
FDI50,8.42,Regular,0,Canned,229.0352,OUT035,2004,Small,Tier 2,Supermarket Type1,5496.8448
FDZ45,14.1,Low Fat,0.06682033,Snack Foods,198.9084,OUT013,1987,High,Tier 3,Supermarket Type1,4761.8016
FDP23,,Low Fat,0.035414528,Breads,218.2166,OUT027,1985,Medium,Tier 3,Supermarket Type3,3701.1822
FDW34,,Low Fat,0.035406842,Snack Foods,244.317,OUT027,1985,Medium,Tier 3,Supermarket Type3,8262.578
FDV20,20.2,Regular,0,Fruits and Vegetables,129.0678,OUT017,2007,,Tier 2,Supermarket Type1,3560.6984
FDI08,18.2,Regular,0.066672058,Fruits and Vegetables,248.1092,OUT017,2007,,Tier 2,Supermarket Type1,4233.1564
FDK22,9.8,Low Fat,0.026081567,Snack Foods,217.585,OUT035,2004,Small,Tier 2,Supermarket Type1,4327.7
NCS29,9,Low Fat,0.06953231,Health and Hygiene,266.5884,OUT035,2004,Small,Tier 2,Supermarket Type1,6624.71
FDR48,,Low Fat,0.130867413,Baking Goods,150.8024,OUT027,1985,Medium,Tier 3,Supermarket Type3,4402.2696
FDD44,8.05,Regular,0.07838564,Fruits and Vegetables,256.4646,OUT035,2004,Small,Tier 2,Supermarket Type1,5153.292
NCL55,12.15,Low Fat,0.065026434,Others,253.704,OUT017,2007,,Tier 2,Supermarket Type1,5060.08
FDQ39,14.8,Low Fat,0.081026811,Meat,190.0846,OUT035,2004,Small,Tier 2,Supermarket Type1,4586.0304
FDF34,9.3,Regular,0.014047825,Snack Foods,196.5084,OUT045,2002,,Tier 2,Supermarket Type1,4364.9848
NCD54,,Low Fat,0.028868467,Household,146.3786,OUT027,1985,Medium,Tier 3,Supermarket Type3,5056.751
FDD34,7.945,Low Fat,0.015908485,Snack Foods,161.421,OUT045,2002,,Tier 2,Supermarket Type1,3425.541
FDG26,18.85,Low Fat,0.042641788,Canned,257.833,OUT035,2004,Small,Tier 2,Supermarket Type1,5382.993
FDS10,,Low Fat,0.0350152,Snack Foods,182.0318,OUT027,1985,Medium,Tier 3,Supermarket Type3,5954.2494
FDH44,19.1,Regular,0.025924623,Fruits and Vegetables,148.0418,OUT045,2002,,Tier 2,Supermarket Type1,3825.6868
FDJ38,8.6,Regular,0.040197932,Canned,190.153,OUT035,2004,Small,Tier 2,Supermarket Type1,3036.048
FDR32,6.78,Regular,0,Fruits and Vegetables,227.5694,OUT049,1999,Medium,Tier 1,Supermarket Type1,3653.9104
NCT18,14.6,Low Fat,0.059393919,Household,181.7976,OUT035,2004,Small,Tier 2,Supermarket Type1,3259.7568
FDF53,20.75,Regular,0.083590755,Frozen Foods,182.2318,OUT035,2004,Small,Tier 2,Supermarket Type1,3067.3406
FDV60,,Regular,0.11679292,Baking Goods,196.211,OUT027,1985,Medium,Tier 3,Supermarket Type3,5499.508
FDY22,16.5,Regular,0.159720671,Snack Foods,144.5128,OUT046,1997,Small,Tier 1,Supermarket Type1,3595.32
FDX15,17.2,Low Fat,0.15616879,Meat,160.6578,OUT013,1987,High,Tier 3,Supermarket Type1,3690.5294
FDC34,16,Regular,0.173027688,Snack Foods,155.2972,OUT049,1999,Medium,Tier 1,Supermarket Type1,3583.3356
DRN37,9.6,Low Fat,0.096217262,Soft Drinks,168.5158,OUT013,1987,High,Tier 3,Supermarket Type1,3342.316
NCR53,,Low Fat,0.144338493,Health and Hygiene,224.4404,OUT027,1985,Medium,Tier 3,Supermarket Type3,6976.2524
NCP14,8.275,Low Fat,0.110197977,Household,104.2306,OUT013,1987,High,Tier 3,Supermarket Type1,3658.571
NCB31,,Low Fat,0.118099673,Household,262.891,OUT027,1985,Medium,Tier 3,Supermarket Type3,5522.811
NCP42,8.51,Low Fat,0.016135764,Household,195.6478,OUT049,1999,Medium,Tier 1,Supermarket Type1,4262.4516
DRI03,6.03,Low Fat,0.022703693,Dairy,177.9028,OUT046,1997,Small,Tier 1,Supermarket Type1,4781.7756
FDQ10,,Low Fat,0.033018559,Snack Foods,170.4422,OUT027,1985,Medium,Tier 3,Supermarket Type3,5000.8238
NCQ06,13,Low Fat,0.0420611,Household,254.1014,OUT017,2007,,Tier 2,Supermarket Type1,3315.0182
FDA16,6.695,Low Fat,0,Frozen Foods,219.4456,OUT046,1997,Small,Tier 1,Supermarket Type1,3094.6384
FDX11,16,Regular,0.106663245,Baking Goods,179.7634,OUT013,1987,High,Tier 3,Supermarket Type1,4180.5582
FDZ50,12.8,Regular,0.079523619,Dairy,181.7608,OUT017,2007,,Tier 2,Supermarket Type1,4961.5416
FDV45,16.75,Low Fat,0.045047439,Snack Foods,186.4556,OUT046,1997,Small,Tier 1,Supermarket Type1,3942.8676
NCQ50,18.75,Low Fat,0.034307348,Household,215.2218,OUT046,1997,Small,Tier 1,Supermarket Type1,4701.8796
FDY51,12.5,Low Fat,0.081465335,Meat,220.7798,OUT018,2009,Medium,Tier 3,Supermarket Type2,6611.394
FDN22,18.85,Regular,0.138868769,Snack Foods,251.8724,OUT018,2009,Medium,Tier 3,Supermarket Type2,3271.7412
FDX20,7.365,Low Fat,0.042560252,Fruits and Vegetables,226.172,OUT046,1997,Small,Tier 1,Supermarket Type1,3169.208
NCU30,5.11,Low Fat,0,Household,164.721,OUT018,2009,Medium,Tier 3,Supermarket Type2,3588.662
FDI19,15.1,low fat,0,Meat,244.2512,OUT045,2002,,Tier 2,Supermarket Type1,3635.268
FDU55,16.2,Low Fat,0.035984104,Fruits and Vegetables,260.6278,OUT045,2002,,Tier 2,Supermarket Type1,4425.5726
FDQ24,15.7,Low Fat,0.074083388,Baking Goods,253.3724,OUT017,2007,,Tier 2,Supermarket Type1,6795.1548
FDN32,,Low Fat,0.015485016,Fruits and Vegetables,185.6266,OUT027,1985,Medium,Tier 3,Supermarket Type3,4979.5182
FDK22,,Low Fat,0.025960174,Snack Foods,214.885,OUT027,1985,Medium,Tier 3,Supermarket Type3,4976.855
FDN57,,Low Fat,0.053971566,Snack Foods,141.2154,OUT027,1985,Medium,Tier 3,Supermarket Type3,3119.9388
